[ 0.37698303  0.0116437   0.26757093  0.18327912  0.07800516  0.08251805]
[ 0.58302982  0.10325759  0.0155515   0.19398816  0.05381452  0.05035841]
[ 0.20686693  0.11183677  0.31692708  0.18625389  0.08152762  0.0965877 ]
[ 0.49085887  0.11025598  0.21645012  0.05041208  0.06712316  0.06489979]
[ 0.5351473   0.00611643  0.1835585   0.17763491  0.05063749  0.04690537]
[ 0.45860104  0.11302185  0.24327327  0.0469576   0.06773203  0.07041421]
[ 0.20180787  0.1726001   0.29420588  0.16607806  0.08683105  0.07847704]
[ 0.21168551  0.09667022  0.28594213  0.20021951  0.09891863  0.10656399]
[ 0.20181829  0.17232491  0.29386443  0.16673644  0.0868472   0.07840872]
[ 0.21242662  0.13625996  0.25498749  0.20649316  0.09005075  0.09978201]
[ 0.51427574  0.09338981  0.17387101  0.16718862  0.04840879  0.00286603]
[ 0.21020678  0.14658277  0.26894354  0.20080578  0.07915506  0.09430607]
[ 0.5827952   0.10538191  0.01550371  0.19436776  0.05106615  0.05088527]
[ 0.58309548  0.10320122  0.01553772  0.19401382  0.05379479  0.05035697]
[ 0.47812555  0.10409058  0.19326336  0.17015451  0.00290587  0.05146013]
[ 0.20174077  0.17249146  0.29367064  0.16692212  0.08680332  0.07837169]
[ 0.21489122  0.12588809  0.26176567  0.21166455  0.08116694  0.10462353]
[ 0.20202301  0.1722783   0.29351972  0.16683386  0.08681862  0.07852649]
[ 0.47171     0.12944994  0.02899431  0.2037912   0.08299324  0.0830613 ]
[ 0.53514763  0.00613179  0.18367136  0.17749195  0.05064455  0.04691272]
[ 0.21260254  0.14458292  0.24600985  0.20700868  0.08979854  0.09999748]
[ 0.49291556  0.1196852   0.20396614  0.05053     0.06765717  0.06524593]
[ 0.5830952   0.10320152  0.01552031  0.19401534  0.05381202  0.05035562]
[ 0.55861056  0.11618936  0.01708285  0.19358574  0.05735483  0.05717666]
[ 0.49389441  0.11623054  0.20809515  0.05061359  0.0676009   0.06356541]
[ 0.21508532  0.14092637  0.22942288  0.21249726  0.09785327  0.10421489]
[ 0.20160708  0.17244001  0.29371814  0.16673277  0.08694229  0.07855971]
